x1  L.1.1  A LEVE   4   4   16  0   2   4   0,5 1,5 12  2   0   0   0   0   3,5 49,5  8 
x2  L.2.1  A LEVE   0,5 1   4   1,5 1   1   0   0,5 0,5 0,5 1,5 0   0   0   2   14    12
x3  L.2.2  B LEVE   0,5 1   4   1,5 1   1   0   0,5 0,5 0,5 1,5 0   0   0   2   14    3 
x4  L.2.3  C LEVE   0,5 1   4   1,5 1   1   0   0,5 0,5 0,5 1,5 0   0   0   2   14    8 
x5  L.3.1  A LEVE   3   3   8   0   1   2   0   0   4   1   0   0   0   0   4   26    10
x6  L.3.2  B LEVE   6   4   16  0   4   6   0,5 3   16  3   0   0   0   0   4   62,5  2 
x7  L.4.1  A LEVE   0,5 0   3   0   0,5 1   0   0   0   0   0   0   0   0   2   7     20
x8  L.4.2  B LEVE   4   4   10  0   1   4   1   1   13  3   3   0   0   0,5 3   47    4 
x9  L.4.3  C LEVE   5   4   16  6,5 3   5   1   1   15  2,5 3   1   2   1   3   69    7 
x10 L.5.1  A LEVE   4   6   24  10  3   8   2   2   14  2   3   0   0   3   4   85    3 
x11 L.5.2  B LEVE   4   6   24  10  3   8   2   2   14  2   3   0   0   3   4   85    4 
x12 L.6.1  A LEVE   0,5 0,5 4   0   1   0,8 0   0   1,2 0   0   0   0   0   2   10    7 
x13 L.6.2  B LEVE   0,2 0,5 2,5 0   1   0   0   0   0,8 0,2 0   0   0   0   1,5 6,7   2 
x14 L.6.3  C LEVE   0,5 0,5 3   1,5 0,5 0   0   0,5 0,8 0,2 0   0   0   0   1,5 9     7 
x15 L.7.1  A LEVE   2   2   7   0   1   2   0,5 0,5 6   0,5 0   0   0   0   3   24,5  14
x16 L.7.2  B LEVE   10  6   24  0   6   8   2   2   16  4   0   0   0   0   4   82    3 
x17 L.7.3  C LEVE   8   6   18  8   8   16  2   2   14  2   0   0   2   0   3   89    2 
x18 L.8.1  A LEVE   1   1   2   0   0,5 1   0   0,5 2   0   0   0   0   0   1   9     96
x19 L.8.2  B LEVE   1   1   4   0   1   2   0   0,5 4   0   0   0   0   0   2   15,5  25
x20 L.9.1  A LEVE   2   2   12  0   0   0   0   0   8   0   0   0   0   0   3   27    12
x21 L.9.2  B LEVE   4   4   24  0   3   1   0,5 1,5 14  2   1,5 0   0   1   4   60    3 
x22 L.9.3  C LEVE   8   8   46  10  4   8   2   2   24  4   1,5 1   2   0,5 4   125   9 
x23 L.10.1 A LEVE   4   1,5 12  0   1   2   0,5 1   6,5 1,5 0   0   0   0   3   33    13
x24 L.10.2 B LEVE   4   1,5 24  0   1   2   0,5 1   6,5 1,5 0   0   0   0   3   45    4 
x25 L.10.3 C LEVE   3   1   18  6   1   2   0,5 1   5   0,5 0   0   0   0   2   40    9 
x26 M.1.1  A MÉDIO  6   4   18  8   6   8   4   4   22  3   0   0   0   0   6   89    2 
x27 M.2.1  A MÉDIO  2   8   40  0   2   8   2   4   24  4   0   0   0   4   8   106   3 
x28 M.2.2  B MÉDIO  8   16  80  0   6   10  4   8   40  8   0   0   0   8   12  200   5 
x29 M.2.3  C MÉDIO  40  32  140 44  24  20  4   16  144 20  0   8   8   24  16  540   3 
x30 M.3.1  A MÉDIO  2   2   8   0   3   4   1   2   12  4   0   6   0   0   4   48    4 
x31 M.3.2  B MÉDIO  2   2   8   0   3   4   1   2   18  4   0   6   0   0   4   54    3 
x32 M.3.3  C MÉDIO  4   6   44  8   6   4   2   4   18  6   0   6   3   0   4   115   5 
x33 M.4.1  A MÉDIO  4   4   18  0   4   2   1   1   16  2   0   0   0   0   4   56    5 
x34 M.4.2  B MÉDIO  4   4   18  0   4   2   1   1   16  2   0   0   0   0   4   56    2 
x35 M.4.3  C MÉDIO  4   4   18  0   4   2   1   1   16  2   0   0   0   0   4   56    3 
x36 M.5.1  A MÉDIO  1   1   2   0   0,5 1   0   0,5 2   0   0   0   0   0   1   9     33
x37 M.5.2  B MÉDIO  1   1   4   0   1   2   0   0,5 4   0   0   0   0   0   2   15,5  12
x38 P.1.1  A PESADO 20  12  45  0   8   16  2   3   40  8   0   0   0   0   12  166   2 
x39 P.1.2  B PESADO 57  40  90  0   30  30  4   5   95  16  0   0   0   0   24  391   2 
x40 P.2.1  A PESADO 2   2   6   0   2   3   0,5 1   4   1   0   0   0   0   2   23,5  2 
x41 P.2.2  B PESADO 7   4   13  5   6   5   2   4   12  4   16  2   5   3   4   92    2 
x42 P.3.1  A PESADO 4   4   16  0   3   2,5 1   1   7   1   0   0   1,5 0   5   46    2 
x43 P.3.2  B PESADO 12  18  40  0   8   12  4   4   80  12  24  8   8   4   12  246   9 
x44 P.3.3  C PESADO 24  36  80  40  32  40  8   8   132 32  32  16  16  8   16  520   2 
x45 P.4.1  A PESADO 4   4   16  0   3   2,5 1   1   7   1   0   0   1,5 0   5   46    12
x46 P.4.2  B PESADO 12  18  40  0   8   12  4   4   80  12  24  8   8   4   12  246   9 
x47 P.4.3  C PESADO 24  36  80  40  32  40  8   8   132 32  32  16  16  8   16  520   10
x48 P.5.1  A PESADO 10  4   22  0   6   8   1   3   30  6   0   4   2   0   8   104   3 
x49 P.5.2  B PESADO 10  2   40  0   6   8   1   3   30  5   0   4   2   0   6   117   3 
x50 P.6.1  A PESADO 1   1   2   0   0,5 1   0   0,5 2   0   0   0   0   0   1   9     7 
x51 P.6.2  B PESADO 1   1   4   0   1   2   0   0,5 4   0   0   0   0   0   2   15,5  4 
x52 P.6.3  C PESADO 1   2   6   0   1   2   0   0,5 6   0   0   0   0   0   2   20,5  2 
x53 P.7.1  A PESADO 2   2   2   0   1   2   0,3 0,5 4   0,5 0,5 0   0   0   2   16,75 5 
x54 P.7.2  B PESADO 2   3   4   0   1   2   0,3 0,5 4   0,5 0,5 0   0   0   2   19,75 11
x55 P.7.3  C PESADO 4   4   10  3   3   4   0,5 1,5 5   0,5 0,5 0   0   0   2   38    2 
x56 P.8.1  A PESADO 1   1   4   0   1   2   0,5 0,5 4   0,5 0   0   0   0   2   16,5  4 
x57 P.8.2  B PESADO 2   2   6   0   1   2   0,5 0,5 7   0,5 0   0   0   0   2   23,5  3 
x58 P.9.1  A PESADO 8   1   8   0   0   0   0   0   4   1,5 6   4,5 2   0   3   38    2 
x59 P.9.2  B PESADO 8   1   8   0   0   0   0   0   4   1,5 6   4,5 2   0   3   38    4 